========================================================================================================================
   PCPDDB - Pure Component Properties
========================================================================================================================
 
========================================================================================================================
 
  Component:
  ( 1)   898 C9H18O2                Butyl valerate
========================================================================================================================
 
  Property:
  [ 6] Density
========================================================================================================================
 
  References:
    1 (37225) Vogel A.I., J.Chem.Soc.London, 624-644, 1948
    2 (38029) Schjanberg E., Z.Phys.Chem.Abt.A, 178(4), 274-281, 1937
    3 (42142) Gartenmeister R., Justus Liebigs Ann.Chem., 233, 249-315, 1886
    4 (43060) Abdullaeva R.I., Guseinov K.D., Viniti, Code 4295-76, 1-5, 1976
========================================================================================================================
 
            T           P         DEN          ±T        ±DEN 
            K          Pa       kg/m3           K       kg/m3    State  Prop: Ref:
  ----------------------------------------------------------------------------------
        273.15  101325.008     884.700                             L     6   [42142]
        291.35  101325.000     869.578                             L     6   [37225]
        293.00  100000.000     866.500       0.050      0.8665     L     6   [43060]
        293.00 5000000.000     870.100       0.050      0.8701     L     6   [43060]
        293.00 9900000.000     873.300       0.050      0.8733     L     6   [43060]
        293.0019700000.000     880.100       0.050      0.8801     L     6   [43060]
        293.0029500000.000     886.100       0.050      0.8861     L     6   [43060]
        293.0039300000.000     892.100       0.050      0.8921     L     6   [43060]
        293.0049100000.000     897.700       0.050      0.8977     L     6   [43060]
        293.0058900000.000     902.900       0.050      0.9029     L     6   [43060]
        293.0068700000.000     907.500       0.050      0.9075     L     6   [43060]
        293.15                 867.800                             L     6   [38029]
        293.15  101325.000     867.978                             L     6   [37225]
        299.45  101325.000     862.378                             L     6   [37225]
        313.00  100000.000     849.600       0.050      0.8496     L     6   [43060]
        313.00 5000000.000     853.700       0.050      0.8537     L     6   [43060]
        313.00 9900000.000     857.000       0.050       0.857     L     6   [43060]
        313.0019700000.000     864.400       0.050      0.8644     L     6   [43060]
        313.0029500000.000     871.300       0.050      0.8713     L     6   [43060]
        313.0039300000.000     877.700       0.050      0.8777     L     6   [43060]
        313.0049100000.000     883.800       0.050      0.8838     L     6   [43060]
        313.0058900000.000     889.400       0.050      0.8894     L     6   [43060]
        313.0068700000.000     894.400       0.050      0.8944     L     6   [43060]
        313.45  101325.000     849.979                             L     6   [37225]
        314.05  101325.000     849.479                             L     6   [37225]
        333.00  100000.000     832.100       0.050      0.8321     L     6   [43060]
        333.00 5000000.000     836.400       0.050      0.8364     L     6   [43060]
        333.00 9900000.000     840.600       0.050      0.8406     L     6   [43060]
        333.0019700000.000     849.000       0.050       0.849     L     6   [43060]
        333.0029500000.000     856.300       0.050      0.8563     L     6   [43060]
        333.0039300000.000     863.500       0.050      0.8635     L     6   [43060]
        333.0049100000.000     870.100       0.050      0.8701     L     6   [43060]
        333.0058900000.000     876.000       0.050       0.876     L     6   [43060]
        333.0068700000.000     881.400       0.050      0.8814     L     6   [43060]
        334.85  101325.000     831.279                             L     6   [37225]
        334.95  101325.000     831.179                             L     6   [37225]
        353.00  100000.000     814.100       0.050      0.8141     L     6   [43060]
        353.00 5000000.000     819.200       0.050      0.8192     L     6   [43060]
        353.00 9900000.000     824.100       0.050      0.8241     L     6   [43060]
        353.0019700000.000     833.200       0.050      0.8332     L     6   [43060]
        353.0029500000.000     841.400       0.050      0.8414     L     6   [43060]
        353.0039300000.000     849.100       0.050      0.8491     L     6   [43060]
        353.0049100000.000     856.300       0.050      0.8563     L     6   [43060]
        353.0058900000.000     862.400       0.050      0.8624     L     6   [43060]
        353.0068700000.000     868.300       0.050      0.8683     L     6   [43060]
        358.45  101325.000     810.380                             L     6   [37225]
        359.15  101325.000     809.780                             L     6   [37225]
        373.00  100000.000     796.000       0.050       0.796     L     6   [43060]
        373.00 5000000.000     801.700       0.050      0.8017     L     6   [43060]
        373.00 9900000.000     807.500       0.050      0.8075     L     6   [43060]
        373.0019700000.000     817.500       0.050      0.8175     L     6   [43060]
        373.0029500000.000     826.300       0.050      0.8263     L     6   [43060]
        373.0039300000.000     835.000       0.050       0.835     L     6   [43060]
        373.0049100000.000     842.600       0.050      0.8426     L     6   [43060]
        373.0058900000.000     849.100       0.050      0.8491     L     6   [43060]
        373.0068700000.000     855.300       0.050      0.8553     L     6   [43060]
        393.00  100000.000     777.300       0.050      0.7773     L     6   [43060]
        393.00 5000000.000     783.700       0.050      0.7837     L     6   [43060]
        393.00 9900000.000     790.100       0.050      0.7901     L     6   [43060]
        393.0019700000.000     801.800       0.050      0.8018     L     6   [43060]
        393.0029500000.000     811.300       0.050      0.8113     L     6   [43060]
        393.0039300000.000     821.000       0.050       0.821     L     6   [43060]
        393.0049100000.000     829.000       0.050       0.829     L     6   [43060]
        393.0058900000.000     836.100       0.050      0.8361     L     6   [43060]
        393.0068700000.000     842.900       0.050      0.8429     L     6   [43060]
        413.00  100000.000     758.200       0.050      0.7582     L     6   [43060]
        413.00 5000000.000     764.900       0.050      0.7649     L     6   [43060]
        413.00 9900000.000     772.200       0.050      0.7722     L     6   [43060]
        413.0019700000.000     785.700       0.050      0.7857     L     6   [43060]
        413.0029500000.000     796.200       0.050      0.7962     L     6   [43060]
        413.0039300000.000     806.800       0.050      0.8068     L     6   [43060]
        413.0049100000.000     815.500       0.050      0.8155     L     6   [43060]
        413.0058900000.000     823.400       0.050      0.8234     L     6   [43060]
        413.0068700000.000     830.800       0.050      0.8308     L     6   [43060]
        433.00  100000.000     739.000       0.050       0.739     L     6   [43060]
        433.00 5000000.000     746.000       0.050       0.746     L     6   [43060]
        433.00 9900000.000     753.900       0.050      0.7539     L     6   [43060]
        433.0019700000.000     769.100       0.050      0.7691     L     6   [43060]
        433.0029500000.000     781.200       0.050      0.7812     L     6   [43060]
        433.0039300000.000     792.500       0.050      0.7925     L     6   [43060]
        433.0049100000.000     802.600       0.050      0.8026     L     6   [43060]
        433.0058900000.000     810.800       0.050      0.8108     L     6   [43060]
        433.0068700000.000     818.700       0.050      0.8187     L     6   [43060]
        453.00 5000000.000     726.900       0.050      0.7269     L     6   [43060]
        453.00 9900000.000     735.800       0.050      0.7358     L     6   [43060]
        453.0019700000.000     752.500       0.050      0.7525     L     6   [43060]
        453.0029500000.000     766.200       0.050      0.7662     L     6   [43060]
        453.0039300000.000     778.300       0.050      0.7783     L     6   [43060]
        453.0049100000.000     789.600       0.050      0.7896     L     6   [43060]
        453.0058900000.000     798.200       0.050      0.7982     L     6   [43060]
        453.0068700000.000     806.800       0.050      0.8068     L     6   [43060]
        473.00 5000000.000     707.200       0.050      0.7072     L     6   [43060]
        473.00 9900000.000     717.500       0.050      0.7175     L     6   [43060]
        473.0019700000.000     735.900       0.050      0.7359     L     6   [43060]
        473.0029500000.000     751.100       0.050      0.7511     L     6   [43060]
        473.0039300000.000     764.100       0.050      0.7641     L     6   [43060]
        473.0049100000.000     776.100       0.050      0.7761     L     6   [43060]
        473.0058900000.000     785.400       0.050      0.7854     L     6   [43060]
        473.0068700000.000     794.600       0.050      0.7946     L     6   [43060]
        493.00 5000000.000     686.500       0.050      0.6865     L     6   [43060]
        493.00 9900000.000     698.900       0.050      0.6989     L     6   [43060]
        493.0019700000.000     719.500       0.050      0.7195     L     6   [43060]
        493.0029500000.000     736.000       0.050       0.736     L     6   [43060]
        493.0039300000.000     750.000       0.050       0.750     L     6   [43060]
        493.0049100000.000     762.700       0.050      0.7627     L     6   [43060]
        493.0058900000.000     772.700       0.050      0.7727     L     6   [43060]
        493.0068700000.000     782.600       0.050      0.7826     L     6   [43060]
        513.00 5000000.000     664.700       0.050      0.6647     L     6   [43060]
        513.00 9900000.000     679.300       0.050      0.6793     L     6   [43060]
        513.0019700000.000     702.500       0.050      0.7025     L     6   [43060]
        513.0029500000.000     721.000       0.050       0.721     L     6   [43060]
        513.0039300000.000     736.000       0.050       0.736     L     6   [43060]
        513.0049100000.000     749.000       0.050       0.749     L     6   [43060]
        513.0058900000.000     759.800       0.050      0.7598     L     6   [43060]
        513.0068700000.000     770.700       0.050      0.7707     L     6   [43060]
        533.00 5000000.000     641.100       0.050      0.6411     L     6   [43060]
        533.00 9900000.000     658.500       0.050      0.6585     L     6   [43060]
        533.0019700000.000     685.500       0.050      0.6855     L     6   [43060]
        533.0029500000.000     705.700       0.050      0.7057     L     6   [43060]
        533.0039300000.000     721.900       0.050      0.7219     L     6   [43060]
        533.0049100000.000     735.900       0.050      0.7359     L     6   [43060]
        533.0058900000.000     747.300       0.050      0.7473     L     6   [43060]
        533.0068700000.000     758.600       0.050      0.7586     L     6   [43060]
        553.00 5000000.000     616.000       0.050       0.616     L     6   [43060]
        553.00 9900000.000     636.300       0.050      0.6363     L     6   [43060]
        553.0019700000.000     668.300       0.050      0.6683     L     6   [43060]
        553.0029500000.000     690.600       0.050      0.6906     L     6   [43060]
        553.0039300000.000     707.900       0.050      0.7079     L     6   [43060]
        553.0049100000.000     722.800       0.050      0.7228     L     6   [43060]
        553.0058900000.000     735.000       0.050       0.735     L     6   [43060]
        553.0068700000.000     746.800       0.050      0.7468     L     6   [43060]
        573.00 5000000.000     590.300       0.050      0.5903     L     6   [43060]
        573.00 9900000.000     613.100       0.050      0.6131     L     6   [43060]
        573.0019700000.000     650.300       0.050      0.6503     L     6   [43060]
        573.0029500000.000     675.400       0.050      0.6754     L     6   [43060]
        573.0039300000.000     693.600       0.050      0.6936     L     6   [43060]
        573.0049100000.000     709.700       0.050      0.7097     L     6   [43060]
        573.0058900000.000     722.700       0.050      0.7227     L     6   [43060]
        573.0068700000.000     734.900       0.050      0.7349     L     6   [43060]
        458.95  101325.008     790.950                           VLL     6   [42142]
  ----------------------------------------------------------------------------------